10
3 4
1 2
4 6 
2 2 
-5 10
2.2 -0.4
4 4
4 4
6 4
6 4
4 4
3 4
0 3
3 7
3 1
-12 9
1.33333 -1
4 4
4 4
6 4
6 4
4 4
3 4
1 0
4 4
2 4
3 4
3 4
4 4
4 4
6 4
6 4
4 4
1 0
3 4
4 4
-2 -4
3 4
0.12 -0.16
2 0
2 0
4 0
4 0
2 0
0 6
3 4
3 10
-3 2
-24 18
0.96 0.72
1 6
1 6
3 6
3 6
1 6
3 4
0 0
3 4
3 4
0 0
0 0
4 4
4 4
6 4
6 4
4 4
0 0
3 4
3 4
-3 -4
0 0
0 0
1 0
1 0
3 0
3 0
1 0
0 1
3 0
3 1
-3 1
0 3
0 0.333333
1 1
1 1
3 1
3 1
1 1
1 0
0 4
1 4
1 -4
0 4
0 -0.25
2 0
2 0
4 0
4 0
2 0
140226 11231
1453 1492
141679 12723
138773 9739
186991726 225535835
50.839555 -44.4746155
140227 11231
140227 11231
140229 11231
140229 11231
140227 11231